 a.id | b.id | a.v | b.v
------+------+-----+-----
    1 |      |   6 |
    2 |      |   6 |
    3 |    1 |   7 |   7
    3 |    2 |   7 |   7
    4 |    1 |   7 |   7
    4 |    2 |   7 |   7
    5 |      |   9 |
(7 rows)

 a.id | b.id | a.v | b.v
------+------+-----+-----
    3 |    1 |   7 |   7
    4 |    1 |   7 |   7
    3 |    2 |   7 |   7
    4 |    2 |   7 |   7
      |    3 |     |   8
      |    4 |     |   8
      |    5 |     |  10
(7 rows)

 a.id | b.id | a.v | b.v
------+------+-----+-----
    1 |      |   6 |
    2 |      |   6 |
    3 |    1 |   7 |   7
    3 |    2 |   7 |   7
    4 |    1 |   7 |   7
    4 |    2 |   7 |   7
      |    3 |     |   8
      |    4 |     |   8
    5 |      |   9 |
      |    5 |     |  10
(10 rows)

 a.id | b.id | a.v | b.v
------+------+-----+-----
    3 |    1 |   7 |   7
    3 |    2 |   7 |   7
    4 |    1 |   7 |   7
    4 |    2 |   7 |   7
(4 rows)

 a.id | b.id | a.v | b.v
------+------+-----+-----
    1 |    1 |   6 |   7
    1 |    2 |   6 |   7
    1 |    3 |   6 |   8
    1 |    4 |   6 |   8
    1 |    5 |   6 |  10
    2 |    1 |   6 |   7
    2 |    2 |   6 |   7
    2 |    3 |   6 |   8
    2 |    4 |   6 |   8
    2 |    5 |   6 |  10
    3 |    1 |   7 |   7
    3 |    2 |   7 |   7
    3 |    3 |   7 |   8
    3 |    4 |   7 |   8
    3 |    5 |   7 |  10
    4 |    1 |   7 |   7
    4 |    2 |   7 |   7
    4 |    3 |   7 |   8
    4 |    4 |   7 |   8
    4 |    5 |   7 |  10
    5 |    1 |   9 |   7
    5 |    2 |   9 |   7
    5 |    3 |   9 |   8
    5 |    4 |   9 |   8
    5 |    5 |   9 |  10
(25 rows)

 a.id | b.id | a.v | b.v
------+------+-----+-----
    1 |      |   6 |
    2 |      |   6 |
    5 |      |   9 |
(3 rows)

 a.id | b.id | a.v | b.v
------+------+-----+-----
      |    3 |     |   8
      |    4 |     |   8
      |    5 |     |  10
(3 rows)

 a.id | b.id | a.v | b.v
------+------+-----+-----
    1 |      |   6 |
    2 |      |   6 |
      |    3 |     |   8
      |    4 |     |   8
    5 |      |   9 |
      |    5 |     |  10
(6 rows)
